Parameter containing:
tensor([[-0.0437,  0.1910, -0.1212,  ..., -0.2027, -0.3313,  0.2107],
        [ 0.1775, -0.0475, -0.0830,  ...,  0.0043, -0.0047, -0.0077],
        [ 0.0660, -0.0395,  0.1471,  ..., -0.3202,  0.3090,  0.2030],
        ...,
        [-0.3002, -0.3234,  0.1977,  ..., -0.0051, -0.1000, -0.0264],
        [ 0.1782, -0.1510,  0.2755,  ..., -0.0380,  0.0439, -0.0511],
        [-0.2962, -0.2463, -0.2005,  ..., -0.2796,  0.1724,  0.3451]],
       device='cuda:0', requires_grad=True)
Parameter containing:
tensor([ 0.0708, -0.1483, -0.2903, -0.0266,  0.2456,  0.2649,  0.0419, -0.1103,
        -0.2403,  0.1987,  0.0796, -0.3210,  0.0256,  0.0493, -0.0992, -0.3127,
         0.3102, -0.1936, -0.0780, -0.1833, -0.2872,  0.2180, -0.0284, -0.2932,
        -0.3455,  0.1569,  0.2732, -0.3450, -0.3319,  0.2870, -0.1417,  0.2925,
         0.2436,  0.3312,  0.2136, -0.1080, -0.0995, -0.0345,  0.2282, -0.3065,
        -0.0721, -0.1484,  0.2516, -0.3162, -0.3299,  0.3238,  0.3494, -0.0265,
         0.1156,  0.1765,  0.3078,  0.2279, -0.3260, -0.2747,  0.0073,  0.2448,
        -0.2235, -0.0481, -0.2577,  0.0914,  0.2485,  0.1023,  0.3240, -0.2603,
         0.1642,  0.3063, -0.3393,  0.1152, -0.2531,  0.0144,  0.0789,  0.2308,
        -0.0938,  0.0323,  0.2769,  0.1044, -0.1339, -0.0319,  0.3477, -0.1023,
        -0.2324,  0.0308, -0.0072,  0.2475,  0.3193, -0.1292, -0.3409,  0.2282,
         0.1306,  0.3168,  0.2671, -0.3313, -0.1261, -0.1569,  0.2564, -0.2117,
        -0.3045,  0.3094,  0.0892, -0.1323, -0.3210, -0.2868, -0.0731,  0.0076,
         0.1089,  0.0459, -0.0191,  0.0596, -0.0815, -0.2029,  0.2290, -0.0950,
        -0.3251, -0.0991, -0.1372, -0.1244,  0.2299, -0.2750,  0.0332, -0.2751,
        -0.1061, -0.1092, -0.1580,  0.1438,  0.3300,  0.2456,  0.2714,  0.1368],
       device='cuda:0', requires_grad=True)
Parameter containing:
tensor([[ 0.0674, -0.0199,  0.0337,  ...,  0.0285, -0.0513,  0.0182],
        [-0.0845,  0.0177, -0.0580,  ...,  0.0154, -0.0597,  0.0041],
        [ 0.0831,  0.0509,  0.0573,  ...,  0.0596, -0.0448,  0.0474],
        ...,
        [ 0.0122,  0.0197,  0.0723,  ...,  0.0742,  0.0003, -0.0176],
        [ 0.0489, -0.0619,  0.0884,  ...,  0.0331, -0.0027, -0.0452],
        [ 0.0805,  0.0040, -0.0532,  ...,  0.0506,  0.0008,  0.0024]],
       device='cuda:0', requires_grad=True)
Parameter containing:
tensor([ 0.0777,  0.0216, -0.0583,  0.0256, -0.0025, -0.0829, -0.0599,  0.0649,
        -0.0326, -0.0259,  0.0842, -0.0814,  0.0838, -0.0845, -0.0760,  0.0864,
        -0.0804, -0.0245, -0.0336, -0.0154, -0.0596, -0.0859, -0.0151,  0.0521,
        -0.0571,  0.0852,  0.0259, -0.0825,  0.0759, -0.0793,  0.0432, -0.0232,
        -0.0502,  0.0479,  0.0170,  0.0883,  0.0324,  0.0623,  0.0802,  0.0314,
        -0.0107,  0.0086,  0.0423, -0.0512,  0.0613,  0.0273, -0.0816,  0.0688,
        -0.0241,  0.0058, -0.0824,  0.0398,  0.0798,  0.0129,  0.0274,  0.0465,
        -0.0565, -0.0259, -0.0096, -0.0491,  0.0856,  0.0441, -0.0770, -0.0013,
        -0.0144, -0.0285,  0.0307,  0.0708,  0.0760,  0.0788,  0.0370, -0.0547,
         0.0729,  0.0429,  0.0560, -0.0065, -0.0465, -0.0379,  0.0357,  0.0642,
        -0.0626, -0.0771, -0.0272,  0.0675, -0.0730,  0.0098,  0.0393, -0.0023,
        -0.0451,  0.0409,  0.0760,  0.0630,  0.0268,  0.0348, -0.0824, -0.0157,
        -0.0386,  0.0070,  0.0114, -0.0577, -0.0277, -0.0701,  0.0296, -0.0185,
         0.0806, -0.0128,  0.0627,  0.0533, -0.0780, -0.0203,  0.0602, -0.0057,
         0.0706,  0.0319,  0.0050,  0.0678, -0.0756,  0.0405,  0.0576,  0.0836,
         0.0667, -0.0271,  0.0381,  0.0494,  0.0737, -0.0756,  0.0693,  0.0804],
       device='cuda:0', requires_grad=True)
Parameter containing:
tensor([[ 0.0732,  0.0443,  0.0279, -0.0107,  0.0124,  0.0788,  0.0132, -0.0423,
          0.0236,  0.0867,  0.0092,  0.0500,  0.0076, -0.0732, -0.0088, -0.0037,
         -0.0761, -0.0433, -0.0251, -0.0667, -0.0099,  0.0736, -0.0118, -0.0251,
         -0.0480,  0.0040, -0.0293, -0.0246,  0.0093, -0.0122,  0.0814, -0.0100,
          0.0180,  0.0560, -0.0510, -0.0032, -0.0861, -0.0157,  0.0645,  0.0052,
         -0.0377, -0.0666, -0.0782, -0.0088,  0.0718,  0.0653,  0.0180, -0.0499,
         -0.0012,  0.0658,  0.0221, -0.0480,  0.0054,  0.0684,  0.0578,  0.0607,
         -0.0376,  0.0351, -0.0635, -0.0479,  0.0391, -0.0216,  0.0535, -0.0795,
         -0.0155,  0.0229,  0.0588,  0.0180, -0.0444,  0.0852,  0.0548,  0.0449,
         -0.0098,  0.0825,  0.0822, -0.0291,  0.0860,  0.0708, -0.0850, -0.0069,
          0.0527,  0.0764,  0.0110, -0.0461, -0.0063, -0.0799,  0.0835,  0.0146,
         -0.0202, -0.0271,  0.0768, -0.0834, -0.0497, -0.0607, -0.0337,  0.0253,
         -0.0558,  0.0362,  0.0271, -0.0525,  0.0239, -0.0475,  0.0375,  0.0826,
         -0.0300,  0.0118, -0.0229, -0.0689, -0.0378,  0.0366,  0.0672,  0.0518,
          0.0504,  0.0553, -0.0082,  0.0465,  0.0099, -0.0673,  0.0556, -0.0774,
          0.0549, -0.0212,  0.0533,  0.0518,  0.0409, -0.0435,  0.0432, -0.0009],
        [-0.0343, -0.0597, -0.0769, -0.0458,  0.0450, -0.0769, -0.0303, -0.0314,
         -0.0553, -0.0198, -0.0211, -0.0323,  0.0330, -0.0797,  0.0276,  0.0782,
          0.0423,  0.0370, -0.0203,  0.0645,  0.0736,  0.0741, -0.0740, -0.0713,
          0.0714,  0.0830, -0.0713, -0.0082, -0.0299, -0.0818,  0.0384,  0.0544,
          0.0559, -0.0817,  0.0280,  0.0227, -0.0394, -0.0653, -0.0012, -0.0133,
         -0.0534,  0.0310, -0.0435, -0.0090, -0.0524,  0.0136, -0.0760, -0.0734,
          0.0472, -0.0196,  0.0844, -0.0266,  0.0117,  0.0622, -0.0413,  0.0711,
          0.0712,  0.0693, -0.0716,  0.0868,  0.0392,  0.0340,  0.0640,  0.0372,
         -0.0526, -0.0822,  0.0022,  0.0334,  0.0540,  0.0534,  0.0726, -0.0326,
          0.0468, -0.0015, -0.0352, -0.0728,  0.0054, -0.0531, -0.0753, -0.0087,
         -0.0063,  0.0551, -0.0009,  0.0366, -0.0289, -0.0095,  0.0852,  0.0230,
         -0.0356,  0.0086,  0.0003,  0.0476,  0.0203,  0.0604,  0.0200,  0.0102,
         -0.0031,  0.0693, -0.0272, -0.0710, -0.0670, -0.0277,  0.0382, -0.0253,
          0.0163,  0.0587,  0.0472, -0.0019,  0.0548,  0.0529, -0.0410, -0.0728,
         -0.0591,  0.0156,  0.0081, -0.0662, -0.0751, -0.0424, -0.0720, -0.0136,
          0.0439, -0.0819,  0.0664,  0.0768,  0.0491, -0.0459,  0.0091, -0.0867],
        [ 0.0829,  0.0719, -0.0281,  0.0300, -0.0160, -0.0234, -0.0363, -0.0859,
          0.0875, -0.0769, -0.0452,  0.0468,  0.0433, -0.0692,  0.0722,  0.0717,
         -0.0509,  0.0374,  0.0430, -0.0616, -0.0612,  0.0874,  0.0346, -0.0252,
         -0.0679, -0.0821,  0.0029, -0.0215,  0.0314,  0.0205,  0.0319, -0.0857,
         -0.0383,  0.0313,  0.0786,  0.0317, -0.0670,  0.0066, -0.0210, -0.0329,
         -0.0846,  0.0281,  0.0071, -0.0282,  0.0086,  0.0137,  0.0639,  0.0404,
          0.0282, -0.0258,  0.0129,  0.0290,  0.0474, -0.0860, -0.0804,  0.0306,
         -0.0771, -0.0792,  0.0517,  0.0814,  0.0732,  0.0644, -0.0448, -0.0506,
          0.0675,  0.0213,  0.0513, -0.0246,  0.0298, -0.0331,  0.0123, -0.0860,
         -0.0479, -0.0575, -0.0053, -0.0661,  0.0644,  0.0664, -0.0367,  0.0296,
         -0.0296,  0.0348,  0.0141,  0.0122, -0.0731,  0.0841,  0.0604,  0.0766,
          0.0679,  0.0004,  0.0846, -0.0027, -0.0654,  0.0414,  0.0330, -0.0102,
         -0.0772, -0.0820,  0.0712,  0.0243,  0.0346, -0.0412, -0.0159,  0.0267,
          0.0084,  0.0457, -0.0198,  0.0358, -0.0101, -0.0372, -0.0196,  0.0729,
         -0.0111, -0.0395, -0.0428, -0.0759, -0.0007, -0.0005, -0.0152,  0.0592,
          0.0435, -0.0819, -0.0848,  0.0509,  0.0493, -0.0005,  0.0257, -0.0693],
        [-0.0730,  0.0458,  0.0272,  0.0322,  0.0441,  0.0531,  0.0619, -0.0208,
         -0.0023, -0.0521,  0.0336,  0.0644, -0.0552,  0.0846,  0.0069,  0.0831,
          0.0419,  0.0402,  0.0592, -0.0335, -0.0138, -0.0176,  0.0056, -0.0428,
          0.0171,  0.0069, -0.0371, -0.0734, -0.0494,  0.0561,  0.0629,  0.0790,
         -0.0073,  0.0670,  0.0591, -0.0691, -0.0047,  0.0310,  0.0306, -0.0754,
         -0.0649, -0.0813, -0.0453, -0.0581, -0.0574, -0.0483, -0.0877, -0.0633,
         -0.0148,  0.0666, -0.0876,  0.0198,  0.0363,  0.0572, -0.0185,  0.0294,
          0.0246,  0.0759, -0.0857,  0.0698, -0.0265, -0.0222,  0.0605,  0.0570,
          0.0880, -0.0764,  0.0197,  0.0287, -0.0594, -0.0805,  0.0344, -0.0136,
          0.0476,  0.0201,  0.0430, -0.0681, -0.0300,  0.0204, -0.0011, -0.0431,
          0.0250, -0.0063,  0.0398,  0.0517, -0.0095,  0.0502,  0.0232,  0.0787,
          0.0077,  0.0492, -0.0341,  0.0366,  0.0866, -0.0679, -0.0576,  0.0137,
         -0.0848,  0.0517, -0.0300, -0.0389,  0.0492,  0.0454, -0.0443,  0.0754,
          0.0369,  0.0430, -0.0603, -0.0560, -0.0626,  0.0115,  0.0604,  0.0677,
          0.0037, -0.0222, -0.0103,  0.0410, -0.0172, -0.0522,  0.0132, -0.0858,
          0.0324,  0.0002, -0.0143,  0.0365, -0.0474,  0.0126,  0.0253,  0.0033]],
       device='cuda:0', requires_grad=True)
Parameter containing:
tensor([ 0.0208, -0.0169,  0.0112, -0.0539], device='cuda:0',
       requires_grad=True)
predicted: tensor([[0.4207],
        [0.2391],
        [0.0579],
        [0.1100]], device='cuda:0', grad_fn=<GatherBackward0>)
next_state_qvals: tensor([0.0000, 0.4207, 0.1100, 0.2391], device='cuda:0')
expected: tensor([4.0000, 3.4165, 1.1089, 2.2367], device='cuda:0')
loss: 1.9835882186889648
gradient of layer1.weight: tensor([[ 0.0000,  0.0000,  0.0000,  ...,  0.0000,  0.0000,  0.0000],
        [ 0.0000,  0.0000,  0.0000,  ...,  0.0000,  0.0000,  0.0000],
        [-0.0450, -0.0450, -0.0450,  ..., -0.0450, -0.0450, -0.0450],
        ...,
        [ 0.0000,  0.0000,  0.0000,  ...,  0.0000,  0.0000,  0.0000],
        [-0.0388, -0.0388, -0.0388,  ..., -0.0388, -0.0388, -0.0388],
        [ 0.0196,  0.0196,  0.0196,  ...,  0.0196,  0.0196,  0.0196]],
       device='cuda:0')
gradient of layer1.bias: tensor([ 0.0058,  0.0000, -0.0180,  0.0021, -0.0094, -0.0073, -0.0108,  0.0000,
        -0.0269, -0.0117, -0.0037,  0.0000,  0.0280, -0.0066,  0.0000, -0.0234,
         0.0054,  0.0145,  0.0000,  0.0000,  0.0000,  0.0012,  0.0000,  0.0000,
        -0.0132, -0.0078, -0.0128, -0.0099, -0.0167,  0.0085,  0.0000,  0.0088,
        -0.0024,  0.0032,  0.0124, -0.0064, -0.0020,  0.0000, -0.0025,  0.0000,
         0.0000,  0.0000,  0.0079, -0.0001,  0.0000, -0.0108,  0.0049, -0.0116,
         0.0085, -0.0056, -0.0029,  0.0016,  0.0000,  0.0007,  0.0101,  0.0160,
        -0.0008,  0.0002,  0.0104, -0.0137, -0.0066,  0.0007,  0.0008,  0.0000,
        -0.0111, -0.0098,  0.0000,  0.0100,  0.0000, -0.0070,  0.0053,  0.0119,
        -0.0060,  0.0046, -0.0049, -0.0070,  0.0000, -0.0063, -0.0010,  0.0000,
        -0.0199, -0.0044,  0.0129, -0.0065,  0.0045,  0.0000, -0.0151, -0.0013,
        -0.0178, -0.0040,  0.0009,  0.0000,  0.0000,  0.0000,  0.0018, -0.0029,
        -0.0046, -0.0157,  0.0065,  0.0000,  0.0000, -0.0156,  0.0000,  0.0064,
        -0.0032, -0.0033, -0.0011,  0.0038, -0.0023, -0.0005,  0.0098,  0.0000,
        -0.0037, -0.0001, -0.0105,  0.0000,  0.0013,  0.0000, -0.0018,  0.0000,
         0.0076, -0.0015,  0.0000, -0.0063,  0.0114, -0.0009, -0.0138, -0.0008],
       device='cuda:0')
gradient of layer2.weight: tensor([[-0.0015,  0.0000,  0.0000,  ..., -0.0051, -0.0056, -0.0028],
        [ 0.0000,  0.0000,  0.0000,  ...,  0.0000,  0.0000,  0.0000],
        [ 0.0005,  0.0000, -0.0148,  ...,  0.0017, -0.0146, -0.0032],
        ...,
        [ 0.0000,  0.0000,  0.0000,  ...,  0.0000,  0.0000,  0.0000],
        [-0.0005,  0.0000,  0.0000,  ..., -0.0016, -0.0017, -0.0009],
        [ 0.0012,  0.0000, -0.0017,  ...,  0.0043,  0.0029,  0.0019]],
       device='cuda:0')
gradient of layer2.bias: tensor([-0.0207,  0.0000, -0.0066, -0.0209, -0.0212,  0.0000, -0.0342,  0.0215,
         0.0000,  0.0000, -0.0078, -0.0447,  0.0149,  0.0000,  0.0000, -0.0585,
         0.0108,  0.0000, -0.0233,  0.0488,  0.0093, -0.0219,  0.0000,  0.0233,
         0.0204,  0.0161,  0.0251,  0.0184,  0.0247,  0.0000, -0.0518,  0.0000,
        -0.0009, -0.0553, -0.0196,  0.0274,  0.0167, -0.0115,  0.0000,  0.0082,
         0.0630,  0.0503,  0.0404,  0.0000,  0.0086, -0.0034,  0.0000,  0.0341,
        -0.0030, -0.0497,  0.0383,  0.0000, -0.0313,  0.0044,  0.0149, -0.0299,
         0.0164, -0.0269, -0.0129,  0.0000, -0.0148, -0.0161, -0.0302, -0.0086,
        -0.0570,  0.0325, -0.0374, -0.0127,  0.0334,  0.0000, -0.0340,  0.0000,
         0.0000, -0.0306, -0.0420,  0.0000,  0.0000, -0.0279,  0.0310, -0.0057,
        -0.0257,  0.0000,  0.0000, -0.0174,  0.0000,  0.0000,  0.0000, -0.0621,
         0.0012,  0.0000, -0.0233,  0.0000, -0.0145,  0.0388,  0.0289, -0.0132,
         0.0000, -0.0144,  0.0000,  0.0000,  0.0000,  0.0000,  0.0167,  0.0000,
         0.0054, -0.0245,  0.0302,  0.0363,  0.0407, -0.0149, -0.0421, -0.0650,
        -0.0117,  0.0099,  0.0107, -0.0131,  0.0061,  0.0431,  0.0038,  0.0260,
        -0.0299,  0.0257,  0.0079, -0.0439,  0.0012,  0.0000, -0.0064,  0.0159],
       device='cuda:0')
gradient of layer3.weight: tensor([[ 0.0000e+00,  0.0000e+00,  0.0000e+00, -2.5061e-02, -2.7127e-02,
          0.0000e+00, -2.7076e-02,  0.0000e+00,  0.0000e+00,  0.0000e+00,
         -1.4341e-01, -5.8371e-02, -8.3546e-02,  0.0000e+00,  0.0000e+00,
         -4.4700e-02, -7.1182e-02,  0.0000e+00, -1.3605e-02, -5.5124e-02,
         -3.1623e-02,  0.0000e+00,  0.0000e+00, -1.5028e-02, -4.0770e-02,
         -7.7433e-02, -1.1543e-01,  0.0000e+00,  0.0000e+00,  0.0000e+00,
         -7.2806e-02,  0.0000e+00, -1.9834e-02, -1.2940e-01,  0.0000e+00,
         -1.0187e-01,  0.0000e+00, -5.3444e-02,  0.0000e+00,  0.0000e+00,
         -4.7277e-02, -1.3938e-02, -9.0513e-02,  0.0000e+00, -6.5618e-02,
          0.0000e+00,  0.0000e+00, -3.2673e-02, -1.2162e-02, -3.9089e-02,
         -7.8251e-03,  0.0000e+00, -1.4127e-01, -2.1716e-02, -4.7057e-02,
         -1.9147e-02, -2.7999e-02, -2.0335e-01,  0.0000e+00,  0.0000e+00,
         -1.2798e-01,  0.0000e+00,  0.0000e+00, -6.9210e-02, -2.5952e-02,
         -1.5405e-02, -5.3283e-02, -6.3516e-02, -1.1858e-01,  0.0000e+00,
         -1.0348e-01,  0.0000e+00,  0.0000e+00, -3.6954e-03, -1.4432e-02,
          0.0000e+00,  0.0000e+00, -3.6356e-02, -7.0775e-02, -1.0672e-02,
         -3.5119e-02,  0.0000e+00,  0.0000e+00, -3.5959e-02,  0.0000e+00,
          0.0000e+00,  0.0000e+00, -4.6202e-03, -1.2386e-02,  0.0000e+00,
         -5.6791e-02,  0.0000e+00, -2.8258e-02, -6.7571e-02, -2.7704e-02,
         -1.1949e-02,  0.0000e+00, -5.3102e-02,  0.0000e+00,  0.0000e+00,
          0.0000e+00,  0.0000e+00, -6.1294e-02,  0.0000e+00, -1.3502e-02,
         -4.2265e-02,  0.0000e+00, -1.3198e-01, -2.1352e-02, -9.5542e-03,
         -1.2463e-01, -6.8623e-02, -6.2400e-02,  0.0000e+00,  0.0000e+00,
         -2.7243e-02, -8.1647e-02, -8.4225e-02,  0.0000e+00, -1.3587e-02,
         -1.1289e-02, -1.6232e-02, -2.3313e-02, -5.5207e-02, -4.6393e-02,
          0.0000e+00,  0.0000e+00, -9.5450e-02],
        [ 0.0000e+00,  0.0000e+00,  0.0000e+00,  0.0000e+00,  0.0000e+00,
          0.0000e+00,  0.0000e+00,  0.0000e+00,  0.0000e+00,  0.0000e+00,
          0.0000e+00,  0.0000e+00,  0.0000e+00,  0.0000e+00,  0.0000e+00,
          0.0000e+00,  0.0000e+00,  0.0000e+00,  0.0000e+00,  0.0000e+00,
          0.0000e+00,  0.0000e+00,  0.0000e+00,  0.0000e+00,  0.0000e+00,
          0.0000e+00,  0.0000e+00,  0.0000e+00,  0.0000e+00,  0.0000e+00,
          0.0000e+00,  0.0000e+00,  0.0000e+00,  0.0000e+00,  0.0000e+00,
          0.0000e+00,  0.0000e+00,  0.0000e+00,  0.0000e+00,  0.0000e+00,
          0.0000e+00,  0.0000e+00,  0.0000e+00,  0.0000e+00,  0.0000e+00,
          0.0000e+00,  0.0000e+00,  0.0000e+00,  0.0000e+00,  0.0000e+00,
          0.0000e+00,  0.0000e+00,  0.0000e+00,  0.0000e+00,  0.0000e+00,
          0.0000e+00,  0.0000e+00,  0.0000e+00,  0.0000e+00,  0.0000e+00,
          0.0000e+00,  0.0000e+00,  0.0000e+00,  0.0000e+00,  0.0000e+00,
          0.0000e+00,  0.0000e+00,  0.0000e+00,  0.0000e+00,  0.0000e+00,
          0.0000e+00,  0.0000e+00,  0.0000e+00,  0.0000e+00,  0.0000e+00,
          0.0000e+00,  0.0000e+00,  0.0000e+00,  0.0000e+00,  0.0000e+00,
          0.0000e+00,  0.0000e+00,  0.0000e+00,  0.0000e+00,  0.0000e+00,
          0.0000e+00,  0.0000e+00,  0.0000e+00,  0.0000e+00,  0.0000e+00,
          0.0000e+00,  0.0000e+00,  0.0000e+00,  0.0000e+00,  0.0000e+00,
          0.0000e+00,  0.0000e+00,  0.0000e+00,  0.0000e+00,  0.0000e+00,
          0.0000e+00,  0.0000e+00,  0.0000e+00,  0.0000e+00,  0.0000e+00,
          0.0000e+00,  0.0000e+00,  0.0000e+00,  0.0000e+00,  0.0000e+00,
          0.0000e+00,  0.0000e+00,  0.0000e+00,  0.0000e+00,  0.0000e+00,
          0.0000e+00,  0.0000e+00,  0.0000e+00,  0.0000e+00,  0.0000e+00,
          0.0000e+00,  0.0000e+00,  0.0000e+00,  0.0000e+00,  0.0000e+00,
          0.0000e+00,  0.0000e+00,  0.0000e+00],
        [-2.2853e-02,  0.0000e+00, -2.2104e-03, -4.3727e-03, -8.6018e-03,
          0.0000e+00,  0.0000e+00, -2.9852e-03,  0.0000e+00,  0.0000e+00,
         -5.7859e-02,  0.0000e+00, -1.6441e-02,  0.0000e+00,  0.0000e+00,
         -6.8891e-02, -1.6383e-02,  0.0000e+00,  0.0000e+00, -1.2246e-02,
          0.0000e+00, -2.1074e-03,  0.0000e+00, -4.9096e-04, -2.7291e-03,
         -5.8999e-02, -1.2112e-02,  0.0000e+00,  0.0000e+00,  0.0000e+00,
          0.0000e+00,  0.0000e+00,  0.0000e+00, -3.5007e-02, -9.5860e-03,
         -5.4832e-02, -1.8193e-02,  0.0000e+00,  0.0000e+00, -8.7853e-03,
         -3.4755e-02, -3.0366e-02, -3.7690e-02,  0.0000e+00, -3.8698e-03,
         -6.4687e-03,  0.0000e+00, -2.2420e-02, -3.0338e-03,  0.0000e+00,
          0.0000e+00,  0.0000e+00, -5.5427e-02, -1.0873e-02, -2.0531e-02,
          0.0000e+00, -1.0434e-02, -2.5776e-02, -8.7828e-03,  0.0000e+00,
         -7.8561e-02, -2.0225e-02,  0.0000e+00,  0.0000e+00, -9.3394e-03,
          0.0000e+00, -1.2645e-02, -5.7942e-02, -3.7451e-02,  0.0000e+00,
         -2.1394e-02,  0.0000e+00,  0.0000e+00,  0.0000e+00,  0.0000e+00,
          0.0000e+00,  0.0000e+00,  0.0000e+00, -3.8072e-02, -1.4822e-02,
          0.0000e+00,  0.0000e+00,  0.0000e+00, -1.1333e-02,  0.0000e+00,
          0.0000e+00,  0.0000e+00, -1.6080e-02,  0.0000e+00,  0.0000e+00,
         -4.0021e-02,  0.0000e+00, -1.3940e-02, -7.0867e-03, -1.5255e-02,
          0.0000e+00,  0.0000e+00, -2.7638e-02,  0.0000e+00,  0.0000e+00,
          0.0000e+00,  0.0000e+00, -2.5048e-02,  0.0000e+00, -3.2274e-02,
          0.0000e+00,  0.0000e+00, -8.3854e-02,  0.0000e+00,  0.0000e+00,
         -4.2512e-02, -2.8064e-02, -1.4734e-02, -2.0683e-02, -6.1285e-03,
         -1.9955e-03,  0.0000e+00, -6.8176e-04, -5.9093e-02, -1.4351e-02,
          0.0000e+00, -1.5666e-02, -2.1153e-02, -6.5454e-02, -4.8907e-02,
          0.0000e+00, -2.1907e-02, -1.5757e-02],
        [ 0.0000e+00,  0.0000e+00, -1.3007e-01, -4.7864e-02, -2.1885e-01,
          0.0000e+00, -2.9256e-01,  0.0000e+00,  0.0000e+00,  0.0000e+00,
         -6.6683e-01, -3.1655e-01, -3.4077e-01,  0.0000e+00,  0.0000e+00,
         -8.3901e-02, -3.6147e-01,  0.0000e+00, -3.5877e-02, -2.9020e-01,
         -1.3206e-01,  0.0000e+00,  0.0000e+00, -3.4163e-03, -1.9426e-01,
         -2.6265e-01, -6.4286e-01, -2.2593e-02, -6.0083e-02,  0.0000e+00,
         -4.2076e-01,  0.0000e+00, -1.6248e-01, -5.6975e-01,  0.0000e+00,
         -4.1456e-01,  0.0000e+00, -2.9166e-01,  0.0000e+00,  0.0000e+00,
         -1.3435e-01, -3.6782e-02, -2.9267e-01,  0.0000e+00, -3.4980e-01,
          0.0000e+00,  0.0000e+00, -1.5271e-01, -3.5903e-03, -2.8777e-01,
         -1.4364e-01,  0.0000e+00, -5.6331e-01,  0.0000e+00, -2.6637e-02,
         -2.8320e-02, -1.9865e-01, -1.0501e+00,  0.0000e+00,  0.0000e+00,
         -4.1510e-01,  0.0000e+00, -7.2762e-02, -3.4331e-01, -9.4071e-02,
         -4.2082e-02, -2.2960e-01, -1.5088e-01, -4.7258e-01,  0.0000e+00,
         -6.0385e-01,  0.0000e+00,  0.0000e+00, -6.2130e-02, -9.6226e-02,
          0.0000e+00,  0.0000e+00, -2.7924e-01, -2.6327e-01,  0.0000e+00,
         -3.1515e-01,  0.0000e+00,  0.0000e+00, -2.1818e-01,  0.0000e+00,
          0.0000e+00,  0.0000e+00, -9.4557e-02, -1.3741e-01,  0.0000e+00,
         -1.5025e-01,  0.0000e+00, -1.3634e-01, -3.1554e-01, -1.5798e-01,
         -2.3370e-02,  0.0000e+00, -1.5438e-01,  0.0000e+00,  0.0000e+00,
          0.0000e+00,  0.0000e+00, -1.2929e-01,  0.0000e+00,  0.0000e+00,
         -3.0412e-01, -4.1482e-02, -4.4842e-01, -2.4882e-01, -2.9386e-02,
         -4.8203e-01, -2.6227e-01, -2.5841e-01,  0.0000e+00,  0.0000e+00,
         -1.4727e-01, -5.1852e-01, -3.2104e-01,  0.0000e+00, -4.4879e-03,
         -1.9412e-01, -2.0996e-04,  0.0000e+00, -1.6295e-01, -7.8223e-02,
          0.0000e+00,  0.0000e+00, -4.6116e-01]], device='cuda:0')
gradient of layer3.bias: tensor([-0.2500,  0.0000, -0.2500, -0.5000], device='cuda:0')