name: layer1.weight
	param: Parameter containing:
tensor([[-1.1289e-01,  6.7568e-02,  2.1784e-01,  ..., -1.0754e-01,
         -2.6077e-01, -4.5246e-02],
        [ 1.2351e-01,  3.3209e-01, -3.3555e-01,  ..., -3.7266e-02,
         -1.5492e-01, -1.6133e-01],
        [ 9.8286e-02, -4.5539e-02, -1.2908e-01,  ...,  2.6238e-02,
          6.7039e-02,  3.2318e-01],
        ...,
        [-1.5514e-01,  5.0258e-02,  8.7577e-02,  ..., -2.5553e-01,
          2.8760e-01, -6.6029e-02],
        [ 1.2191e-01,  7.7184e-02,  3.2636e-02,  ..., -3.2837e-04,
         -2.4251e-01, -3.2921e-02],
        [-7.3504e-02,  1.9044e-01, -3.2021e-01,  ...,  1.8183e-01,
          2.7877e-01,  3.8761e-02]], device='cuda:0', requires_grad=True)
name: layer1.bias
	param: Parameter containing:
tensor([-0.1628, -0.3250,  0.0951, -0.2078,  0.2358,  0.2559,  0.2025, -0.3030,
        -0.2450, -0.0399, -0.1663, -0.3370, -0.2689, -0.3139, -0.1050, -0.0322,
         0.1372,  0.0550, -0.2270, -0.0316, -0.2650,  0.0224, -0.1168,  0.0085,
        -0.3227,  0.0117,  0.3353, -0.2217, -0.1170, -0.2526, -0.2534, -0.0743,
         0.2923,  0.3154, -0.1091, -0.3063, -0.2047, -0.0470,  0.2286, -0.1885,
        -0.1931,  0.0117, -0.2953,  0.0134,  0.2142,  0.0546, -0.1866, -0.0562,
         0.1396,  0.1625, -0.3191, -0.2617, -0.1615, -0.1143, -0.3240,  0.3176,
        -0.2148, -0.0902, -0.0732,  0.0757,  0.1735, -0.1790, -0.2459, -0.2927,
        -0.1989,  0.3464,  0.2543, -0.0722, -0.2036, -0.3208, -0.0564, -0.2497,
         0.1471, -0.3482,  0.2522, -0.1078, -0.2373,  0.2917,  0.3225, -0.0413,
         0.0899, -0.3280,  0.3076, -0.1983, -0.0434, -0.2829, -0.0755,  0.0656,
        -0.1485, -0.0875, -0.3168, -0.2368,  0.1080,  0.3479,  0.0122,  0.1281,
         0.2293, -0.2028, -0.3408,  0.3278,  0.0205, -0.1899,  0.0224, -0.3463,
         0.2911, -0.3383, -0.1936,  0.2614,  0.3348, -0.0844, -0.0699,  0.2440,
         0.0085, -0.0967,  0.3395,  0.0380, -0.0023,  0.1012,  0.1178, -0.0263,
         0.1778,  0.2934,  0.2383,  0.3230, -0.2003, -0.3515,  0.3278,  0.3094],
       device='cuda:0', requires_grad=True)
name: layer2.weight
	param: Parameter containing:
tensor([[ 0.0251, -0.0125,  0.0681,  ...,  0.0113,  0.0791, -0.0257],
        [ 0.0206,  0.0561, -0.0726,  ..., -0.0251, -0.0553,  0.0477],
        [ 0.0311,  0.0256, -0.0253,  ..., -0.0439, -0.0498,  0.0447],
        ...,
        [-0.0381, -0.0196, -0.0478,  ...,  0.0238,  0.0377, -0.0363],
        [-0.0099, -0.0771,  0.0368,  ..., -0.0426, -0.0600,  0.0717],
        [-0.0714,  0.0044, -0.0211,  ...,  0.0597,  0.0542, -0.0103]],
       device='cuda:0', requires_grad=True)
name: layer2.bias
	param: Parameter containing:
tensor([ 0.0870, -0.0548, -0.0784,  0.0358, -0.0163, -0.0228,  0.0646, -0.0809,
         0.0131, -0.0032, -0.0879,  0.0205,  0.0106,  0.0375, -0.0554, -0.0827,
         0.0063, -0.0616, -0.0716, -0.0453,  0.0448,  0.0033, -0.0306, -0.0809,
        -0.0321,  0.0324, -0.0220, -0.0087,  0.0683, -0.0356,  0.0124,  0.0419,
        -0.0837,  0.0502,  0.0044,  0.0109,  0.0788, -0.0124,  0.0340, -0.0307,
         0.0262, -0.0035,  0.0560,  0.0460,  0.0041,  0.0056,  0.0277,  0.0881,
         0.0853, -0.0652, -0.0117,  0.0706, -0.0527,  0.0359,  0.0078,  0.0533,
        -0.0394,  0.0855, -0.0830,  0.0657,  0.0395, -0.0291,  0.0857,  0.0283,
         0.0358, -0.0723, -0.0260, -0.0756,  0.0165,  0.0677,  0.0049, -0.0238,
        -0.0537,  0.0865,  0.0254,  0.0156,  0.0211,  0.0350,  0.0516,  0.0477,
        -0.0124,  0.0668,  0.0402, -0.0580, -0.0027, -0.0543,  0.0574, -0.0696,
        -0.0566, -0.0506,  0.0607,  0.0629,  0.0834,  0.0079,  0.0117, -0.0069,
        -0.0154,  0.0463, -0.0602, -0.0613,  0.0511, -0.0626, -0.0721,  0.0026,
         0.0808, -0.0101,  0.0720, -0.0580, -0.0797, -0.0714, -0.0504, -0.0103,
        -0.0679,  0.0327, -0.0494, -0.0580,  0.0118,  0.0215, -0.0777,  0.0753,
        -0.0237,  0.0733, -0.0683, -0.0529, -0.0089,  0.0068,  0.0503,  0.0512],
       device='cuda:0', requires_grad=True)
name: layer3.weight
	param: Parameter containing:
tensor([[-0.0661, -0.0854, -0.0831,  0.0293,  0.0361, -0.0738, -0.0249, -0.0668,
         -0.0057,  0.0852, -0.0477, -0.0696,  0.0284,  0.0356, -0.0529,  0.0783,
          0.0403,  0.0858,  0.0298,  0.0757, -0.0276, -0.0513, -0.0476, -0.0233,
         -0.0387,  0.0286,  0.0313,  0.0223,  0.0089,  0.0333,  0.0585,  0.0812,
         -0.0377,  0.0745, -0.0331,  0.0546,  0.0858, -0.0227, -0.0705, -0.0882,
          0.0012, -0.0487,  0.0304, -0.0458, -0.0281,  0.0112,  0.0797, -0.0037,
          0.0168, -0.0078, -0.0579, -0.0670, -0.0068,  0.0415, -0.0738, -0.0004,
          0.0256,  0.0646, -0.0297, -0.0336,  0.0361, -0.0857, -0.0747,  0.0345,
         -0.0716,  0.0267, -0.0658, -0.0010, -0.0454, -0.0568,  0.0445, -0.0177,
         -0.0416,  0.0243, -0.0667,  0.0577, -0.0646,  0.0101,  0.0190, -0.0112,
         -0.0321, -0.0793,  0.0870,  0.0411, -0.0541,  0.0720, -0.0237,  0.0377,
         -0.0212,  0.0212,  0.0460,  0.0364,  0.0345, -0.0123,  0.0670, -0.0310,
         -0.0680, -0.0599,  0.0802,  0.0522,  0.0457, -0.0834, -0.0688,  0.0508,
          0.0182,  0.0371,  0.0616,  0.0765, -0.0579, -0.0142, -0.0744,  0.0281,
          0.0783, -0.0413,  0.0442,  0.0492, -0.0603, -0.0528,  0.0055,  0.0652,
          0.0475,  0.0789,  0.0695,  0.0022,  0.0677, -0.0168,  0.0503, -0.0624],
        [-0.0022,  0.0132,  0.0304,  0.0333, -0.0302, -0.0059, -0.0723,  0.0514,
         -0.0319, -0.0768,  0.0261, -0.0125,  0.0417,  0.0305,  0.0674,  0.0795,
          0.0446,  0.0563,  0.0826, -0.0404, -0.0279, -0.0654,  0.0678, -0.0701,
         -0.0130,  0.0810, -0.0500, -0.0365,  0.0366, -0.0187, -0.0567,  0.0644,
         -0.0434, -0.0586, -0.0694, -0.0505, -0.0670, -0.0792,  0.0626,  0.0370,
         -0.0133, -0.0262,  0.0131,  0.0405, -0.0613, -0.0245,  0.0390,  0.0283,
          0.0663, -0.0752,  0.0084,  0.0635, -0.0267,  0.0210, -0.0456,  0.0420,
          0.0623,  0.0172, -0.0537, -0.0285, -0.0060,  0.0211, -0.0230, -0.0117,
          0.0155,  0.0097,  0.0098, -0.0362,  0.0837,  0.0125, -0.0353,  0.0442,
         -0.0416,  0.0046, -0.0637, -0.0390,  0.0239,  0.0293,  0.0776, -0.0802,
          0.0040, -0.0810,  0.0657,  0.0023,  0.0208,  0.0478, -0.0314, -0.0546,
          0.0025, -0.0769, -0.0833, -0.0701,  0.0149,  0.0247, -0.0704,  0.0089,
         -0.0339, -0.0155,  0.0865,  0.0834, -0.0353,  0.0051, -0.0729, -0.0499,
         -0.0499,  0.0572, -0.0474, -0.0012,  0.0602,  0.0261, -0.0171, -0.0835,
         -0.0021,  0.0653, -0.0593,  0.0098,  0.0503,  0.0553,  0.0035, -0.0725,
         -0.0755,  0.0306,  0.0815,  0.0008, -0.0710, -0.0182, -0.0582, -0.0490],
        [-0.0345,  0.0832, -0.0266,  0.0642, -0.0014, -0.0306,  0.0369, -0.0874,
         -0.0349,  0.0323, -0.0275,  0.0856, -0.0781,  0.0557, -0.0261,  0.0799,
          0.0872, -0.0722,  0.0672, -0.0149, -0.0566,  0.0620,  0.0738,  0.0676,
         -0.0578, -0.0475,  0.0020, -0.0842, -0.0566,  0.0272,  0.0802,  0.0859,
         -0.0522, -0.0588,  0.0337, -0.0700,  0.0767,  0.0754,  0.0375, -0.0561,
          0.0307,  0.0110,  0.0754,  0.0335, -0.0852, -0.0374, -0.0069, -0.0550,
          0.0591,  0.0775, -0.0049,  0.0692,  0.0232,  0.0081,  0.0232,  0.0179,
         -0.0067,  0.0196,  0.0163,  0.0780, -0.0296,  0.0024, -0.0783, -0.0149,
          0.0149, -0.0054, -0.0437, -0.0582,  0.0719,  0.0813,  0.0591,  0.0611,
          0.0192,  0.0011,  0.0233,  0.0424, -0.0755,  0.0871,  0.0473,  0.0835,
         -0.0781,  0.0311,  0.0543,  0.0579,  0.0707,  0.0305,  0.0554,  0.0122,
         -0.0192, -0.0195,  0.0329,  0.0233, -0.0504,  0.0567, -0.0541,  0.0465,
         -0.0361, -0.0438, -0.0166, -0.0104, -0.0623,  0.0691,  0.0463, -0.0220,
          0.0616, -0.0642,  0.0366,  0.0881,  0.0126,  0.0156,  0.0620,  0.0826,
         -0.0140, -0.0788, -0.0646, -0.0474,  0.0537, -0.0554, -0.0152,  0.0116,
         -0.0576, -0.0245, -0.0096, -0.0515,  0.0692, -0.0293,  0.0682,  0.0205],
        [ 0.0103,  0.0102, -0.0849, -0.0334,  0.0828,  0.0515, -0.0803, -0.0355,
          0.0846,  0.0067,  0.0085, -0.0363, -0.0043, -0.0394,  0.0701, -0.0793,
          0.0593,  0.0380,  0.0589,  0.0567,  0.0128, -0.0215,  0.0867,  0.0854,
          0.0042,  0.0486, -0.0689, -0.0600, -0.0763,  0.0443, -0.0472, -0.0320,
         -0.0457, -0.0056, -0.0317,  0.0356, -0.0792,  0.0186, -0.0280,  0.0382,
          0.0258,  0.0837, -0.0501, -0.0382, -0.0741, -0.0475, -0.0487,  0.0459,
         -0.0091,  0.0303,  0.0502,  0.0781, -0.0204,  0.0006, -0.0272,  0.0064,
          0.0255,  0.0173,  0.0638, -0.0445, -0.0368,  0.0002,  0.0405, -0.0367,
          0.0865,  0.0406,  0.0371,  0.0338, -0.0032,  0.0499, -0.0585, -0.0718,
          0.0546, -0.0265,  0.0247, -0.0382,  0.0441,  0.0282, -0.0397,  0.0062,
         -0.0351,  0.0443,  0.0322, -0.0138, -0.0098,  0.0430, -0.0777,  0.0460,
          0.0020,  0.0012, -0.0580,  0.0144, -0.0350, -0.0836, -0.0588, -0.0303,
          0.0408, -0.0256,  0.0055,  0.0183,  0.0722, -0.0024, -0.0682,  0.0777,
         -0.0439,  0.0471,  0.0528, -0.0706,  0.0051,  0.0320, -0.0005,  0.0848,
         -0.0746, -0.0716, -0.0548,  0.0642, -0.0345,  0.0781,  0.0494,  0.0746,
          0.0527, -0.0870, -0.0841,  0.0847, -0.0283, -0.0048, -0.0857, -0.0531]],
       device='cuda:0', requires_grad=True)
name: layer3.bias
	param: Parameter containing:
tensor([0.0053, 0.0035, 0.0726, 0.0291], device='cuda:0', requires_grad=True)
Complete
